10
55
49609 25197 13545 83535 40428 64935 71522 13605 54942 33422 16329 63259 82690 63184 20399 75799 50725 59800 65169 20088 95137 32812 97233 49656 64181 29000 80576 64617 92879 15909 55766 26362 85444 24694 92405 55505 55540 93831 61451 24817 19657 40958 60014 70803 42262 27964 44223 54125 86489 79739 82378 47792 52027 60462 63106
32
10730 62648 29908 73287 19628 52676 31524 47196 90171 24152 68483 23448 23405 52361 5203 13315 29154 63137 27939 86749 20964 62119 86471 68162 4518 76060 61858 67560 7463 82362 65021 57822
80
39332 49165 29499 98330 98330 29499 49165 9833 68831 39332 88497 29499 49165 39332 39332 9833 58998 9833 78664 98330 19666 9833 49165 98330 68831 19666 58998 88497 68831 88497 29499 39332 58998 19666 39332 58998 58998 88497 58998 98330 49165 88497 39332 98330 19666 98330 98330 98330 58998 19666 49165 49165 29499 19666 39332 49165 78664 49165 58998 49165 78664 29499 58998 98330 88497 9833 78664 78664 58998 58998 98330 39332 78664 19666 9833 9833 88497 39332 78664 29499
24
58158 84983 98369 32165 12089 33984 71704 22208 47847 22459 85770 267 88254 30333 16273 46361 15134 74185 49444 23496 20290 56777 19154 88097
16
63412 60168 2746 41911 69043 79795 21850 22915 92039 27964 36765 4767 72625 57071 38546 11789
28
32402 95853 936 11283 98245 15057 33829 26878 50531 96936 94196 20192 929 6214 67743 49261 26892 32139 48199 55776 24717 72512 66188 53854 97765 25366 23395 35703
50
35714 71428 35714 35714 35714 35714 71428 35714 71428 35714 71428 71428 71428 35714 71428 71428 71428 71428 35714 71428 71428 35714 71428 71428 35714 71428 35714 71428 35714 71428 35714 35714 35714 35714 71428 35714 71428 35714 35714 71428 71428 71428 71428 71428 35714 35714 35714 71428 35714 71428
50
56590 56590 56590 56590 56590 56590 56590 56590 56590 56590 56590 56590 56590 56590 56590 56590 56590 56590 56590 56590 56590 56590 56590 56590 56590 56590 56590 56590 56590 56590 56590 56590 56590 56590 56590 56590 56590 56590 56590 56590 56590 56590 56590 56590 56590 56590 56590 56590 56590 56590
42
93567 35108 51113 28589 53232 55402 82326 16313 83594 40628 44846 23977 49795 51894 19763 46660 99707 53116 93555 13290 84891 35597 80580 30807 21497 62408 51112 80001 26832 11143 89320 44279 28938 45248 27322 5697 38711 59392 2397 32100 64341 67472
93
98232 98232 98232 98232 98232 98232 98232 98232 98232 98232 98232 98232 98232 98232 98232 98232 98232 98232 98232 98232 98232 98232 98232 98232 98232 98232 98232 98232 98232 98232 98232 98232 98232 98232 98232 98232 98232 98232 98232 98232 98232 98232 98232 98232 98232 98232 98232 98232 98232 98232 98232 98232 98232 98232 98232 98232 98232 98232 98232 98232 98232 98232 98232 98232 98232 98232 98232 98232 98232 98232 98232 98232 98232 98232 98232 98232 98232 98232 98232 98232 98232 98232 98232 98232 98232 98232 98232 98232 98232 98232 98232 98232 98232
