10
38
44210 88420 88420 66315 44210 22105 44210 22105 66315 66315 44210 44210 66315 66315 44210 22105 44210 66315 44210 44210 66315 88420 44210 44210 44210 22105 44210 44210 22105 66315 66315 66315 22105 22105 88420 88420 66315 88420
94
83418 91386 1016 46511 17974 19659 59562 47764 90037 84984 5800 56104 93748 38706 29837 76511 1850 87173 57211 42730 10487 50614 35489 91955 81735 56708 94199 30463 42254 99016 91199 78220 61340 42391 72675 24818 61128 83836 94331 676 38198 92640 1990 22541 56083 132 59181 18261 92181 27843 21605 46236 67133 26035 4363 5115 41686 12738 57863 25127 2421 55002 58668 69167 99512 13055 70036 33979 61993 14893 22629 29005 95322 90652 34000 83617 49481 15550 88206 20142 859 13757 55683 420 42721 66783 59325 25485 87896 64323 85780 80654 52514 54371
21
50176 50176 50176 50176 50176 50176 50176 50176 50176 50176 50176 50176 50176 50176 50176 50176 50176 50176 50176 50176 50176
100
78996 26332 52664 78996 26332 52664 78996 78996 78996 26332 26332 78996 26332 26332 52664 26332 78996 78996 78996 26332 52664 78996 26332 26332 52664 26332 78996 78996 52664 52664 52664 26332 26332 78996 52664 78996 26332 26332 78996 78996 78996 78996 52664 78996 78996 78996 52664 78996 78996 26332 26332 78996 78996 52664 52664 78996 26332 26332 52664 52664 78996 52664 52664 78996 26332 52664 26332 26332 52664 78996 26332 26332 78996 52664 26332 26332 78996 26332 52664 78996 26332 26332 52664 52664 78996 52664 26332 26332 26332 52664 78996 26332 26332 78996 78996 78996 52664 26332 26332 52664
26
10095 668 58432 71384 56077 675 41828 62560 42131 93061 60119 68790 24642 77952 67624 92815 82215 61324 8240 57430 33782 21819 57874 1332 68368 59579
75
64750 64750 64750 64750 64750 64750 64750 64750 64750 64750 64750 64750 64750 64750 64750 64750 64750 64750 64750 64750 64750 64750 64750 64750 64750 64750 64750 64750 64750 64750 64750 64750 64750 64750 64750 64750 64750 64750 64750 64750 64750 64750 64750 64750 64750 64750 64750 64750 64750 64750 64750 64750 64750 64750 64750 64750 64750 64750 64750 64750 64750 64750 64750 64750 64750 64750 64750 64750 64750 64750 64750 64750 64750 64750 64750
51
48163 99631 60783 31936 96726 55532 52329 63994 87959 754 15929 16891 25565 88910 92242 86135 5388 66664 47413 76506 35633 16641 43468 5354 42850 64308 58538 64552 30560 40310 57773 65101 1558 32663 126 10031 89657 65248 82606 283 54055 36276 67512 19322 72362 58577 84579 53646 19860 67438 9663
26
87823 87823 87823 87823 87823 87823 87823 87823 87823 87823 87823 87823 87823 87823 87823 87823 87823 87823 87823 87823 87823 87823 87823 87823 87823 87823
55
56461 4494 95210 45498 81594 68532 26127 13981 27580 22685 63720 94060 82543 15101 64854 36359 47049 25072 65074 35097 70296 85536 5298 32278 88038 67486 29667 8766 54519 41606 78830 70106 1864 86813 88085 45916 43983 4404 33652 51777 5663 69860 48802 82351 7234 18064 61455 26329 47647 50984 56518 44184 39667 92610 82762
48
76533 76533 76533 76533 76533 76533 76533 76533 76533 76533 76533 76533 76533 76533 76533 76533 76533 76533 76533 76533 76533 76533 76533 76533 76533 76533 76533 76533 76533 76533 76533 76533 76533 76533 76533 76533 76533 76533 76533 76533 76533 76533 76533 76533 76533 76533 76533 76533
